3066701774755013
3066793822811754
3066697618965174
3066558875904558
3066573516502906
3066520151850361
3066227765780781
3066576130341737
3066761768406227
3066562831704397
3066074122771817
3066644294952629
3066266489834978
3066922081063861
3066971389916567
3066028829078951
3066821862057442
3066597599958754
3066184926586745
3066729714000701
3066693603805335
3066323869637361
3066715073402353
3066747027807879
3066616255706942
3066366508841397
3066295830391674
3066815192418772
3066120917775692
3066725658200862
3066458697538138
3066199726535094
3066676349358156
3066135617734040
3066672234208317
3066900611466844
3066548191106049
3066127587414362
3066202381023924
3066917925264022
3066736343009370
3066170226628397
3066783138013245
3066986089874915
3066975405076406
3066263875986147
3066680364517995
3066370623991236
3066530836658870
3066939335511040
3066159541829888
3066071508922986
3066402619046763
3066665664559647
3066424088643781
3066088863360165
3066590870940085
3066708303763683
3066270445634817
3066156987331058
3066095492378835
3066067553123147
3066167672139567
3066541562097379
3066650964591299
3066477412656326
3066381349439745
3066242406389129
3066522706349192
3066469382336647
3066911396265352
3066259760826308
3066445358240799
3066512021540683
3066757712616388
3066327884797201
3066950020319549
3066605670908433
3066654979751138
3066978059555237
3066505451892013
3066281130433326
3066868616421317
3066413303845272
3066377293649906
3066007459471933
3066398663246924
3066430658282451
3066565445543228
3066050198685969
3066245020237960
3066498782253343
3066804507610263
3066409388685433
3066142287372710
3066148957011379
3066359939192727
3066084807570326
3066355824042888
3066584201301415
3066231721580620
3066811177258933
3066885970868495
3066601555748594
3066419973483942
3066853816462969
3066466727857817
3066669779719486
3066659094910977
3066212965822433
3066629594994281
3066319854477522
3066480067135156
3066622925355611
3066843131664460
3066020798769272
3066351808883049
3066349254394218
3066373278480067
3066772453204736
3066274460784656
3066391934248254
3066954035479388
3066106177177344
3066779122853406
3066751183607719
3066116861975853
3066490751933665
3066334554435870
3066426602492612
3066330439286031
3066191696225415
3066206396183763
3066152972171219
3066594986109924
3066943350660879
3066394548087085
3066195611385254
3066441343090960
3066277074633487
3066633610154120
3066554760744719
3066338569595710
3066661649399808
3066189041736585
3066964720277897
3066552246895888
3066362593681558
3066060824124477
3066691049316504
3066082293721495
3066114248127022
3066249076027799
3066999329162255
3066928650702531
3066447912739629
3066488197454835
3066092978520004
3066825877217281
3066832546855951
3066309169679013
3066768438054897
3066039513887460
3066533491147701
3066180911426906
3066494767093504
3066569501343067
3066285145583165
3066103563328513
3066537406307540
3066415917694103
3066618810195772
3066608225397263
3066896555667004
3066313184838853
3066003444312094
3066163656979728
3066306515190183
3066526721509031
3066704388603844
3066035498727620
3066298484870504
3066056868324638
3066456043049308
3066223650620942
3066341124084540
3066637625313960
3066789707651915
3066462712697978
3066434773442290
3066800492450424
3066174341778236
3066018144270442
3066110232977183
3066014029120603
3066875286069987
3066889957688335
3066836518435790
3066544137446210
3066626927405451
3066078129901656
3066879277969826
3066124914745531
3066960671698058
3066317271658692
3066238447649290
3066287761571996
3066345226134379
3066138223552871
3066648386852468
3066501377922174
3066046150106129
3066010085620763
3066640236212790
3066031445067781
3066063424863308
3066932617202370
3066682995746826
3066612281737103
3066131569154201
3066437358951121
3066042024786290
3066509428551852
3066516123590522
3066992710853585
3066452063999469
3066988685533746
3066217047562272
3066864572921478
3066178353998076
3066253152687638
3066234322329451
3066052704504799
3066221072882111
3066099589348674
3066302466610344
3066291886891835
3066580242561576
3066996736173424
3066687021056665
3066847238794299
3066255781776469
3066210493153602
3066387945028415
3066719060222192
3066982031135076
3066740460309210
3066405219785594
3066907232445513
3066024790669112
3066586896960246
3066473364076486
3066146374192549
3066383819708576
3066484043794995
3066857918512808
3066166126095220
3066283699558818
3066845700779952
3066997842487907
3066670788163970
3066642748918282
3066008527286416
3066382317244229
3066226219746434
3066318267803175
3066222104586595
3066083361535979
3066098061494327
3066044637481782
3066486651410487
3066835015971443
3066286213397648
3066087376695818
3066333008391523
3066168739944050
3066525275464684
3066446426055282
3066230234906273
3066553214700372
3066080707047148
3066856485588461
3066443812206452
3066254258992122
3066952589435041
3066582714627068
3066973959032059
3066005913437586
3066140741338362
3066891094472818
3066820316013095
3066339678040193
3066379762765398
3066984543830568
3066717542527845
3066724112166514
3066200834989577
3066660103365461
3066931179198023
3066425156458264
3066072676737470
3066386432404068
3066461266653630
3066176810893728
3066995228639077
3066429171618104
3066307683004666
3066510575506336
3066499890707827
3066788220977568
3066204850149416
3066895009622657
3066055322280291
3066198280500746
3066418486809595
3066596053914407
3066927164038184
3066190150181068
3066948433635202
3066347708359871
3066115315931505
3066232889395104
3066529390614523
3066681472962479
3066354378008541
3066326338752853
3066692157760988
3066065907088800
3066909809581005
3066001998287746
3066905794421166
3066766951370550
3066781651338898
3066728227326353
3066435741256773
3066518605816014
3066969803232220
3066770966530389
3066016698236095
3066852370428621
3066208865309255
3066130015899854
3066179465382559
3066236804544943
3066029937523434
3066540075423032
3066393002042738
3066937848836693
3066901779271327
3066531945103354
3066923048878345
3066955103273872
3066824331172934
3066574684317389
3066503905857666
3066023267884764
3066328952601684
3066933733676854
3066401132362416
3066407702001086
3066884424824148
3066343793200032
3066880309664309
3066108746292836
3066756266572041
3066070022248639
3066144856498202
3066126000730014
3066944418475363
3066112702092675
3066991213479238
3066194165340907
3066183480542398
3066471851452139
3066888439983987
3066578699467229
3066738912124862
3066147370347032
3066102076654166
3066279643758979
3066610753872755
3066873740025639
3066632164119773
3066296998196157
3066798905776077
3066916479239675
3066478580460809
3066365062807050
3066037967843112
3066275528599139
3066375747605559
3066749596923371
3066593440065577
3066685588122318
3066589384265737
3066450541215121
3066465281813469
3066411817160925
3066119331091345
3066467895652300
3066653433716791
3066454597014961
3066965888072381
3066535960263193
3066158055145541
3066813646374425
3066863055227130
3066920494389514
3066713527368005
3066489165269318
3066076691887309
3066621479311264
3066585369115898
3066215534947925
3066606638712916
3066638793118443
3066507921017505
3066258274151961
3066187595692237
3066706857729336
3066012583086255
3066617323511425
3066350362848702
3066091391845657
3066568014668720
3066027383044603
3066563999508880
3066792376777407
3066439856416612
3066019252724925
3066093946334488
3066809690574586
3066628008319934
3066061991938961
3066674803313809
3066877755185478
3066867070386970
3066155441296711
3066572029828559
3066262389301800
3066422501969434
3066831000821604
3066051207120452
3066963274233550
3066294384357327
3066557329860211
3066315753954344
3066980528670729
3066482536250648
3066600069074246
3066162110935380
3066048652641621
3066987167639398
3066959137273711
3066059360090130
3066433228477943
3066542604301863
3066369181566889
3066272901840309
3066134157519693
3066414491769755
3066361036007211
3066803053745916
3066151496726871
3066337008101362
3066403700611247
3066649415816952
3066219546087764
3066841675250113
3066497234738996
3066546647391702
3066869605615800
3066397111912577
3066172879023889
3066760289141880
3066305075295836
3066268958740470
3066899133462496
3066290241047487
3066322314503014
3066457115723791
3066941898076532
3066136703118523
3066390463863907
3066696182870827
3066300932195996
3066033934693273
3066040523391943
3066251619533291
3066976476480889
3066247576443452
3066475952431978
3066123466361184
3066702830929496
3066777528349059
3066493291649157
3066311623344505
3066745595533532
3066358490418380
3066561341000050
3066550690491541
3066104629652997
3066521262634845
3066211400538086
3066371727155720
3066514673946175
3066734804385023
3066912470219836
3066243573983613
3066240928384782
3066264856280630
3066664109425300
3066628530961383
3066147992998481
3066453677715401
3066058458780571
3066525757476133
3066532427114803
3066009049937865
3066468318313749
3066004934778026
3066233371406553
3066880891685758
3066194647352356
3066269481601919
3066250625843731
3066069043589080
3066237327206392
3066115838582955
3066318890454624
3066308105656115
3066596576565856
3066013065097704
3066703324570946
3066863537238579
3066272095450749
3066226701767883
3066404268862696
3066735378986472
3066998365139356
3066756789223490
3066421523309874
3066923530889794
3066041004343392
3066603105564526
3066489787910767
3066162692956829
3066400253702856
3066500372719276
3066874222037088
3066718065179294
3066810113236035
3066714009379454
3066575166328838
3066589806927187
3066536442274642
3066244056205062
3066592420766017
3066778058820508
3066579122128678
3066090413186098
3066660685376910
3066282780259258
3066938371488142
3066987680330847
3066045119493231
3066838152471722
3066613890373035
3066201316991026
3066746004424981
3066709994229615
3066340160051642
3066731363826633
3066763318222160
3066632646121222
3066382899265678
3066312120805954
3066831582833053
3066137208199972
3066742048625142
3066474987952419
3066216016959374
3066692639772437
3066151908158320
3066688624612597
3066916901881124
3066564481520330
3066143877838642
3066218671448205
3066934215688303
3066752633423651
3066186517042678
3066799428427526
3066002480299196
3066991795490687
3066280166400428
3066696654932276
3066386914415517
3066547127073151
3066955625935321
3066175832234169
3066087899347267
3066418909461044
3066681954973928
3066440379068062
3066105153784446
3066607161364365
3066724694187963
3066286736049097
3066173377755338
3066111882793115
3066083843547428
3066183962553847
3066557852511660
3066667255015580
3066493703070606
3066397639854026
3066258796803410
3066539096763472
3066485672750928
3066927686689633
3066276051240588
3066461748665079
3066528311964964
3066774003030669
3066344275211481
3066966310733830
3066621961322713
3066671270175419
3066994349979517
3066521742316294
3066297420857606
3066884906835597
3066429694269553
3066393584064187
3066023749896213
3066414953661205
3066446948706731
3066581735967508
3066066489100249
3066261310642240
3066515172677624
3066820898034544
3066425679109713
3066158577796990
3066165247435660
3066376229617008
3066101197994606
3066372214457169
3066600591725695
3066248012004901
3066827467673214
3066902261282776
3066617846162874
3066436263908222
3066870106887249
3066483018262097
3066686070133767
3066675385335258
3066229356246714
3066645885418562
3066336144891803
3066496357559437
3066639215779892
3066859522078740
3066037089183553
3066368199307330
3066365544818499
3066389568904348
3066788743629017
3066290851208937
3066408224662535
3066970325883669
3066122467591624
3066795413277687
3066767474021999
3066133152390133
3066507042357946
3066350844850151
3066442992916892
3066346829690312
3066207986649696
3066222686608044
3066169262595499
3066611276524204
3066959641085160
3066410838501365
3066211901809535
3066457633505240
3066293365057767
3066649900578401
3066571151168999
3066354884689990
3066677961984089
3066205339210865
3066981064402178
3066568563210169
3066378891115839
3066077144258758
3066707365790785
3066098527825776
3066130512541303
3066265393612080
3066015692306535
3066944984766812
3066464253143910
3066504428979115
3066109216434285
3066842160671562
3066848878410231
3066325425283294
3066784740489178
3066055870751740
3066549799961981
3066197222741187
3066511027787785
3066585888537347
3066301407547445
3066119948062794
3066553744201821
3066432201118383
3066635116310053
3066624520201544
3066912915081285
3066329415163133
3066019787306374
3066179980954008
3066322834094463
3066543117663312
3066720683458124
3066051759441901
3066314716354785
3066073150518919
3066472351873588
3066239963255223
3066357415128821
3066653930328240
3066806001236196
3066479089762258
3066451026436570
3066816703654705
3066190613892517
3066034447974722
3066126555551463
3066030429014883
3066891512584267
3066906289842615
3066852866940071
3066560445430490
3066643283499731
3066094446795937
3066895596154106
3066767305008660
3066930141675125
3066780629096000
3066290718895598
3066688570799259
3066652432863893
3066282673295920
3066673812620911
3066705841626437
3066575026555500
3066325306199955
3066254602500232
3066079758094250
3066684541719420
3066151804964982
3066631020166875
3066859450605402
3066506956904607
3066876724012580
3066695178457929
3066863486035241
3066898118859598
3066047602428723
3066549668218643
3066667187222241
3066229277183375
3066026364521705
3066126421438125
3066344111358143
3066162575913491
3066218573334866
3066404199889357
3066716535404946
3066908885998107
3066336074648464
3066966231510491
3066389418931009
3066008908734527
3066101060631268
3066318713771286
3066543097349973
3066769903777491
3066844702467054
3066560372107152
3066378739132500
3066812636671527
3066425588576375
3066322731551125
3066173210082000
3066801969563018
3066713946746116
3066045068299893
3066308075872777
3066731249333295
3066737950551964
3066119837949455
3066884898692259
3066165177062321
3066111767029777
3066154411273812
3066400101199518
3066297365754268
3066620463178366
3066147889725143
3066019625243036
3066207878556357
3066692511539098
3066887476061089
3066141222846473
3066791353284509
3066002319115857
3066727222883455
3066874177283750
3066453505182062
3066243958321723
3066062379877071
3066855441895562
3066271926617411
3066962207680652
3066663106372402
3066994276016179
3066991698837348
3066414867217866
3066034383681384
3066596420302518
3066748540580473
3066759296258982
3066976930509000
3066972874749161
3066834092488545
3066848776106893
3066585787494009
3066036939350214
3066838054558384
3066919425466616
3066980913998839
3066304073472937
3066831486139714
3066703244357607
3066333417769634
3066756627880152
3066641714035384
3066571038125661
3066090372202759
3066468279780410
3066951553242143
3066823336810036
3066137141856634
3066058302607232
3066261221618902
3066955570931982
3066346714076973
3066677862130750
3066940815223634
3066699255827768
3066866091174071
3066983505107670
3066280069667089
3066432107725045
3066660571023571
3066656534273732
3066517629153116
3066532320381464
3066269329238580
3066720501374786
3066414239279739
3066036365902088
3066741353323677
3066798743126061
3066591808954552
3066367412725865
3066954995023856
3066499769717811
3066463631732445
3066093857094472
3066484997529463
3066517036854990
3066386288674052
3066136557058507
3066065873528784
3066585150785882
3066890830422802
3066495626737972
3066228620345249
3066969682322204
3066446365945266
3066905677331150
3066442229195427
3066670644393954
3066318115303159
3066897503831472
3066972275971034
3066687974831132
3066506381146481
3066940248245507
3066553158360355
3066756003872025
3066745327963516
3066033702683257
3066140510268346
3066300843085980
3066709284958150
3066929526656999
3066841531690097
3066172692443873
3066435611456757
3066858801417275
3066360803917195
3066478351970793
3066040488761927
3066926945708168
3066865445665945
3066837421650257
3066311435584489
3066420900148409
3066247497563436
3066151260866855
3066012424116239
3066292759636302
3066239310223757
3066029719073418
3066215398877909
3066282091217793
3066527769753498
3066719943166659
3066375532965543
3066424998798248
3066747902562347
3066275497609123
3066051184860436
3066638538008427
3066147221577016
3066168546934034
3066200628009561
3066335426690338
3066820196333079
3066015078515070
3066574440627373
3066179260902543
3066912216579820
3066918810188490
3066129995069838
3066854712807436
3066125855789998
3066001767177730
3066581119036043
3066655834235606
3066371505145704
3066189934311052
3066623893790079
3066236706454927
3066428964678088
3066982970989543
3066399538081391
3066089748204632
3066250093712266
3066392917802722
3066613192521570
3066790700106382
3066121873560159
3066119274791329
3066143116497177
3066542462171847
3066044422921766
3066161901295364
3066724091256498
3066876193754454
3066549041810516
3066521078604829
3066886835542963
3066260635500775
3066104511492981
3066196525429722
3066100489983141
3066961687402525
3066976382410873
3066922913958329
3066713349477989
3066164500064195
3066965608912364
3066211388718070
3066047081050597
3066403559591231
3066324786221829
3066431533006918
3066959063443695
3066734788635007
3066322133042998
3066132587448668
3066830815341588
3066461068483614
3066884290034132
3066019052054909
3066769336779365
3066698617849641
3066217916536740
3066258086171945
3066602408993061
3066079077376124
3066538330462007
3066809450744570
3066303406414811
3066950940664016
3066264784900614
3066339402640177
3066055145620275
3066873549515623
3066307464714650
3066185994981213
3066388824152882
3066378183634373
3066666596294115
3066083154515963
3066773327929204
3066933638046838
3066076524197293
3066296707646141
3066474382360954
3066805489944731
3066068463407615
3066826764631748
3066226046976418
3066993652018052
3066111112761650
3066407631771070
3066559781099025
3066232683595088
3066204672299400
3066570468447534
3066944225385347
3066788125347552
3066880101334293
3066784015267713
3066645279827097
3066659977245445
3066314040543320
3066396972252561
3066848144438766
3066649239316936
3066894989902641
3066730639395168
3066087156035802
3066008321876400
3066057725639106
3066115180041489
3066908107949981
3066418361079579
3066271382629284
3066816144643240
3066780029367874
3066410210449900
3066801309134891
3066833478770418
3066702601599480
3066452969963936
3066382286434213
3066901523051311
3066207243338231
3066812099013400
3066286033257632
3066762777500695
3066222095246579
3066758678850856
3066987090249382
3066634542108588
3066948357305186
3066004328226561
3066822716751909
3066991076239222
3066869588895784
3066072447107454
3066061753418945
3066350120518686
3066456930633775
3066617216791409
3066025640873579
3066980374960713
3066157982545525
3066489055999302
3066752057222186
3066510339566320
3066175244602704
3066677205362623
3066794724376222
3066356873697356
3066243316833597
3066916264889659
3066153861035686
3066254017972106
3066627858579918
3066471793932123
3066563807868864
3066467672422284
3066328810481668
3066343573770016
3066290164847471
3066997637027891
3066346131908847
3066531723143338
3066332831981507
3066844171158927
3066421104138257
3066196842029570
3066784368657561
3066329056071516
3066292945876150
3066923111718177
3066314315483168
3066346369888695
3066215697787757
3066965950912212
3066895172462489
3066414534489587
3066720259846507
3066325000281677
3066057939608954
3066799068615909
3066275691438971
3066734959804855
3066271676279132
3066499953537659
3066147433176864
3066726829495177
3066801623104739
3066517267344837
3066335785080186
3066769668699212
3066382480084060
3066585431945730
3066574747147221
3066863118066962
3066279706598810
3066969966072051
3066130178739685
3066538677581855
3066758983890704
3066670850993802
3066002061117578
3066264906630462
3066023330714596
3066688105440980
3066190213020900
3066307745834498
3066869787705632
3066756329401873
3066694834449650
3066666895203962
3066767014210382
3066140804178194
3066250206672114
3066076754727141
3066980691510560
3066841748459944
3066122048410007
3066068624417462
3066510638336168
3066859002907123
3066044700321614
3066111463611498
3066357038097203
3066927226748016
3066549319080364
3066204997619248
3066254326661953
3066577325476052
3066104755872828
3066880424204141
3066467991222132
3066012644446087
3066976522930721
3066606740672748
3066997983647739
3066030095033266
3066164833014043
3066649521666784
3066844334328775
3066098192534159
3066403898841078
3066008620396248
3066741627973525
3066748201422195
3066959202653543
3066684150791141
3066955219123703
3066183521622230
3066831106461435
3066410439369748
3066485217859311
3066200915279409
3066019378564757
3066453210273784
3066066027938632
3066269016580301
3066258387451793
3066812314083248
3066228991305096
3066919115318337
3066079343215971
3066222296346427
3066442517895275
3066620079910087
3066951145713864
3066948544405034
3066972514040882
3066371836865552
3066873805235471
3066991334289069
3066553368520203
3066705512778159
3066378430514221
3066350492578534
3066716111506668
3066090024164480
3066933882376686
3066025952063427
3066929810236846
3066790917816230
3066805691264578
3066752292492034
3066919640639787
3066001008968019
3066357500158653
3066278796309251
3066688729202429
3066086543136090
3066723307696787
3066171900114162
3066549867251813
3066492306429429
3066257439402233
3066904977291438
3066218703928036
3066293446987599
3066261405152072
3066342833050304
3066332186181796
3066620507731537
3066037135553385
3066428303888376
3066759426702153
3066022495075037
3066780711549170
3066065102619072
3066513720356447
3066186603962510
3066524415354956
3066834153331715
3066599241864519
3066613941902867
3066560565980322
3066268081100742
3066603230474358
3066684641942590
3066962389993822
3066011735596528
3066862198887403
3066770189950662
3066734048255296
3066364229247322
3066755393762313
3066787481187840
3066406936821358
3066336240591635
3066855522898733
3066161297575653
3066766016540822
3066175984914001
3066712601388278
3066941078646804
3066588554606010
3066776793809331
3066026405194876
3066015743176367
3066304102696108
3066979609001001
3066111930552947
3066443038136724
3066706012819608
3066464339323742
3066748729283644
3066197331781019
3066107879833108
3066208016629528
3066517749526286
3066421628019706
3066282825439090
3066951688725313
3066798137406349
3066368246257161
3066990369029510
3066645953838394
3066695366481099
3066321485573287
3066453782995233
3066417693199867
3066047829781894
3066438991926885
3066090548795929
3066539190653304
3066844832320224
3066449643715394
3066182689382671
3066624617121376
3066272156370581
3066851595618894
3066926288118456
3066894255282930
3066507123657778
3066663240125572
3066883517384421
3066389686954179
3066432371838215
3066819432543367
3066791443937679
3066246795803724
3066193310991179
3066635281919885
3066236070565215
3066673983224081
3066378941435670
3066701947749769
3066005070487858
3066592594575849
3066101238934438
3066122599691456
3066528478064795
3066133268029965
3066866270527242
3066872818575912
3066808755364858
3066535112263465
3066609888263028
3066577802197501
3066936964176965
3066353527468813
3066744659173805
3066075826237581
3066097185684599
3066678065483920
3066830157821876
3066503036357938
3066475009772251
3066840865400385
3066150509817144
3066915528819947
3066930313538295
3066876994615751
3066410993307859
3066656662943564
3066806185762689
3066987754137341
3066977007238832
3066851483185555
3066866117433903
3066338722387127
3066923633776287
3066424226275198
3066485741477421
3066509671753269
3066752700920144
3066827560409707
3066595137581341
3066934304694796
3066816814801198
3066699300967600
3066680584419412
3066965759132196
3066570566717366
3066303540164643
3066310141393313
3066517128774821
3066011057865063
3066972360360866
3066047149050429
3066762845200527
3066581202155875
3066015102104902
3066096578103134
3066085892034625
3066374256594366
3066790817306214
3066784116077545
3066004416166393
3066701355328304
3066818888301902
3066115226191321
3066267452829277
3066940399615339
3066912330049652
3066278099657786
3066495781957804
3066587835084545
3066491784457964
3066367583145696
3066314152783152
3066021775603572
3066555843979018
3066602597072893
3066438317345420
3066794873026053
3066716007276652
3066822851511741
3066125969259830
3066979031319536
3066541002230670
3066410390769732
3066160650244188
3066089862904464
3066609221111563
3066914994538482
3066519704643652
3066993790807884
3066929614896830
3066466348971107
3066655956555437
3066730730005000
3066711931236813
3066530413572161
3066698718619473
3066577179376036
3066780198387705
3066474447700786
3066164690844027
3066324838891661
3066733335043831
3066688091990964
3066865532585777
3066196667949554
3066459681872438
3066218046436571
3066384984492875
3066951038853848
3066623911039911
3066861597155938
3066961745162357
3066335578140170
3066179316032375
3066271442669116
3066175330082536
3066036419881920
3066997785727723
3066239489493589
3066551743899179
3066121971799991
3066744024922339
3066399646471223
3066448908503929
3066506433856312
3066299478924804
3066662607934107
3066171230752697
3066801499124723
3066844215598759
3066773492859036
3066292872496134
3066598568813054
3066203362428223
3066677306662455
3066153924405518
3066613208011402
3066149919405679
3066378271264205
3066025786463411
3066214057386732
3066647845915759
3066260705390607
3066463718052277
3066453016903768
3066741423213509
3066848290318598
3066008400436232
3066416945958402
3066637270047250
3066549144760348
3066880252344125
3066143285157009
3066901627021143
3066566468727527
3066068573767446
3066186043491045
3066748045992179
3066634694048420
3066573130836197
3066545187770509
3066645387736928
3066019163734741
3066128577658661
3066955042223687
3066858939647107
3066720002936491
3066000394006554
3066388966182714
3066737301703670
3066989752308045
3066805561154562
3066427640956911
3066083233295795
3066132611828500
3066455697812598
3066983085239375
3066758775030688
3066346239688679
3066890926942634
3066854880077268
3066485001629295
3066876263644286
3066908289009813
3066043170080589
3066614368775885
3066868138411269
3066173820598188
3066778688963358
3066511505430635
3066518282699305
3066729202970653
3066454158658251
3066725252260814
3066953537149340
3066601054888546
3066180497856858
3066255209246421
3066970861106519
3066789276301867
3066223147220894
3066836076385742
3066039035877412
3066028348538903
3066582306740358
3066998813052206
3066689180155448
3066849390273081
3066992235793537
3066212559882385
3066390034607198
3066721142180974
3066718515632144
3066742516867992
3066141758562662
3066643704242581
3066475465005269
3066148443371331
3066120433335644
3066486135833778
3066860083881590
3066703820673796
3066795977610537
3066699777573957
3066560953573340
3066575667501689
3066522232069144
3066964229487849
3066312692778805
3066763824485010
3066564956023180
3066810691548885
3066646342141412
3066002930792046
3066924123132644
3066707801663635
3066030928297733
3066558375074510
3066731805519483
3066430175122403
3066060329524429
3066451557429421
3066483510554947
3066618332105724
3066368694120180
3066297978840456
3066817259927555
3066857458612760
3066462228257930
3066195151075206
3066201819443876
3066678495276939
3066137772532823
3066408892815385
3066902748495626
3066550282734832
3066864026981430
3066938844720992
3066654487691090
3066472899086438
3066906791585465
3066785206782028
3066988137063698
3066977566235189
3066265950824930
3066682463486778
3066372791380019
3066532949557653
3066675857138108
3066896114156956
3066073619191769
3066404779955546
3066667748288430
3066426139472564
3066825339437233
3066592911618867
3066710478722465
3066006943241885
3066159086309840
3066832090075903
3066804025500215
3066169747058349
3066543609076162
3066387474878367
3066479566025108
3066383434398528
3066244550867912
3066259297686260
3066205859673715
3066913454674135
3066996206533376
3066447421739581
3066248592657751
3066329905305983
3066686503996617
3066607788807215
3066657081269921
3066714529312305
3066507501450796
3066870687570099
3066415468564055
3066379320508689
3066009576140715
3066400762215707
3066432736891233
3066301998910296
3066052224274751
3066981524235028
3066500840702126
3066806617969046
3066411493924215
3066878787539778
3066885444518447
3066362096371510
3066821311577394
3066357982491671
3066586342010197
3066233848329403
3066547615426001
3066622495155563
3066603652137376
3066422068602724
3066590371100037
3066468855946599
3066796412881986
3066785712843477
3066749688848111
3066881802760057
3066213064753834
3066899228047236
3066401226817156
3066518777410754
3066967386268129
3066877866060218
3066721636932423
3066070110343379
3066760314116620
3066465395198209
3066091463520397
3066678907808388
3066817760989004
3066208973643995
3066241027359522
3066860542553039
3066614872917334
3066219678072504
3066952680499781
3066166237479959
3066042146367691
3066696281805566
3066411956485665
3066230375451013
3066664260290040
3066653517231531
3066582817191807
3066764371686459
3066589414690477
3066561469144790
3066753712157950
3066006032432325
3066443966601191
3066471984346879
3066775031204968
3066871217321548
3066892509618566
3066924619734093
3066059464064870
3066903246327075
3066636233704352
3066642807073022
3066578783031968
3066849861524531
3066379853940138
3066095558980236
3066913940015584
3066347823584611
3066706922274075
3066123556445924
3066813767839165
3066337167526102
3066867177641709
3066600123158986
3066273021965048
3066610829547495
3066984662365307
3066828423197513
3066920571254254
3066824464987674
3066700364945406
3066646854862861
3066888519428727
3066689616846897
3066935280142602
3066771029505129
3066048738356361
3066155510491450
3066743075029441
3066493352243897
3066941904141272
3066326466217593
3066112845977415
3066102115618906
3066138197790933
3066956580186281
3066437235859183
3066407829462487
3066768332082960
3066298375068567
3066700286452067
3066839124422683
3066860413079701
3066266325733040
3066604183955487
3066977990263299
3066821757365504
3066678867485049
3066148837089442
3066849719381192
3066319794075585
3066796342208647
3066020620577335
3066668210536540
3066038013034513
3066290354828889
3066490630771728
3066650844709361
3066191506683478
3066544033234272
3066710968750576
3066661507997870
3066597478876817
3066362452289620
3066031307915844
3066533352325763
3066127406722424
3066550734622942
3066479987763219
3066704209301906
3066779035811469
3066895305450567
3066055596658201
3066198449748656
3066596270022317
3066927325696094
3066924704187264
3066354683996451
3066326643430764
3066066202916710
3066910015578915
3066905973799076
3066767147208460
3066781801646808
3066728482684264
3066771171298299
3066016832044005
3066209100377165
3066914087728755
3066764534549630
3066636399107523
3066824591530844
3066504158595576
3066023497832674
3066063695347880
3066884638392058
3066343942167942
3066615077600505
3066756461179951
3066070226966549
3066145018116112
3066112902950585
3066194339588817
3066183720050308
3066472017420049
3066888661711898
3066578923735139
3066739198422773
3066102285802076
3066610914880665
3066632335127683
3066916673107585
3066213112347005
3066365297274960
3066038211071023
3066749892111282
3066685775680228
3066589517473648
3066465408541380
3066202473148496
3066653659254701
3066536147781103
3066813975642335
3066920732717424
3066223804815514
3066076895885219
3066621663029174
3066585542823808
3066215776915835
3066606942740826
3066187746510148
3066707065527246
3066617547579335
3066091615953567
3066568232426630
3066027579242514
3066792588095317
3066628203297844
3066675062771719
3066877985553389
3066867310874880
3066155756464621
3066262519769710
3066963483011460
3066557577978121
3066482750118558
3066600257692157
3066048805839532
3066059555238040
3066273122268219
3066134375477603
3066803226073826
3066337264049273
3066219752695674
3066546829889612
3066173007101799
3066760476709790
3066899359000407
3066322552650924
3066942094444442
3066696494408737
3066034170391183
3066775246308139
3066329109606256
3066187608376809
3066572258963130
3066604218498657
3066625627385675
3066792495671979
3066358575432952
3066679045078220
3066646965312693
3066529483059095
3066179642537131
3066614955197166
3066209013413827
3066632219724345
3066343886824604
3066785896943309
3066803183090488
3066055441264863
3066668348849711
3066476023536550
3066318439997747
3066354527343113
3066796584281818
3066642960232854
3066478674165381
3066390638728479
3066166331159791
3066753898217782
3066315837458916
3066814308330446
3066419134965615
3066152136182892
3066365717223071
3066611466588776
3066429857734124
3066632742585794
3066782399484919
3066760909037901
3066216121693946
3066162795141401
3066953293871062
3066451153361142
3066643491334303
3066974520428079
3066258934357981
3066457805229812
3066835790027463
3066778269795080
3066579371013249
3066547369747722
3066628720735955
3066323014429035
3066173429629910
3066536620699213
3066045292877803
3066472587838160
3066184159978419
3066027924500624
3066120011927365
3066899801728517
3066846367555972
3066088053621838
3066889190330008
3066248215699472
3066650015652972
3066942532122553
3066622009387285
3066141489024383
3066461824549651
3066109335938856
3066312387790526
3066301602992017
3066590073901758
3066006633433606
3066696886026847
3066857062014481
3066265575946651
3066397740508597
3066728837922374
3066750201229392
3066483232936669
3066493905115178
3066867799992990
3066803650581937
3066707500075356
3066568639234740
3066237572210963
3066771610116410
3066654136742812
3066931883524044
3066981213966749
3066739579790883
3066333683567544
3066376437961579
3066130765865874
3066468519008321
3066686140558338
3066806202577429
3066795587298920
3066058568361804
3066143967059875
3066346936691545
3066314859516018
3066880927896991
3066784844360411
3066062580981643
3066244101266295
3066923756931027
3066682091185161
3066767535423232
3066412953163302
3066996436781454
3066814848166802
3066256800035508
3066605215236463
3066103286146544
3066295474679704
3066000434151293
3066323446815392
3066850905032168
3066626611343481
3066722778440061
3066776188562606
3066910974713383
3066754798805588
3066487732882865
3066494340461535
3066705413922883
3066156615159088
3066231397498651
3066947002538749
3066765463284097
3066199382293124
3066558431612588
3066701722815013
3066793818961754
3066697675905174
3066558816504558
3066573551852906
3066520165780361
3066227730340781
3066576168401737
3066761731706227
3066562822774397
3066074194951817
3066644289832629
3066266481064978
3066922089913861
3066971329076567
3066028862058951
3066821899957442
3066597526588754
3066184914006745
3066729703800701
3066693669635335
3066323873407361
3066715027802353
3066747055707879
3066616208846942
3066366530391397
3066295892411674
3066815117778772
3066120958205692
3066725697530862
3066458626538138
3066199749355094
3066676317738156
3066135634204040
3066672211468317
3066900691106844
3066548187416049
3066127581024362
3066202325263924
3066917943004022
3066736326629370
3066170238018397
3066783189873245
3066986005074915
3066975475986406
3066263864516147
3066680323997995
3066370636651236
3066530835518870
3066939341821040
3066159508929888
3066071519042986
3066402664556763
3066665688649647
3066424063363781
3066088870940165
3066590803760085
3066708345633683
3066270487334817
3066156992371058
3066095453128835
3066067572133147
3066167662099567
3066541564597379
3066650912651299
3066477449436326
3066381306389745
3066242406349129
3066522782339192
3066469396266647
3066911360825352
3066259758246308
3066445321540799
3066512012610683
3066757784796388
3066327820317201
3066950070909549
3066605679758433
3066654959551138
3066978051895237
3066505430432013
3066281116423326
3066868603841317
3066413393645272
3066377259479906
3066007463241933
3066398658286924
3066430645542451
3066565498683228
3066050120235969
3066245082257960
3066498707613343
3066804588680263
3066409387375433
3066142257012710
3066148939191379
3066359907572727
3066084824040326
3066355801302888
3066584221581415
3066231777250620
3066811170868933
3066885955748495
3066601573488594
3066419916463942
3066853827852969
3066466779717817
3066669794919486
3066659065820977
3066212994992433
3066629554474281
3066319867137522
3066480025355156
3066622931665611
3066843198764460
3066020708889272
3066351854393049
3066349278484218
3066373253200067
3066772460784736
3066274434244656
3066391935478254
3066954077179388
3066106122857344
3066779183603406
3066751161977719
3066116851935853
3066490754433665
3066334502495870
3066426639282612
3066330496226031
3066191696185415
3066206372173763
3066152986101219
3066594950669924
3066943348080879
3066394511387085
3066195643095254
3066441374630960
3066277010153487
3066633660744120
3066554769594719
3066338549395710
3066661641739808
3066189020276585
3066964746897897
3066552293685888
3066362524121558
3066060849314477
3066691093726504
3066082248121495
3066114276027022
3066249029167799
3066999350702255
3066928612732531
3066447997459629
3066488178524835
3066092977210004
3066825846857281
3066832569675951
3066309138059013
3066768413884897
3066039591147460
3066533411427701
3066180967096906
3066494701343504
3066569545583067
3066285163323165
3066103506308513
3066537417697540
3066415910194103
3066618825395772
3066608255667263
3066896584837004
3066313144318853
3066003456972094
3066163615199728
3066306521500183
3066526788609031
3066704398723844
3066035484877620
3066298468320504
3066056843044638
3066456050629308
3066223624080942
3066341125314540
3066637607653960
3066789712691915
3066462773447978
3066434792452290
3066800441770424
3066174344278236
3066018132970442
3066110229127183
3066014086060603
3066875257689987
3066889918438335
3066836537445790
3066544127406210
3066626929905451
3066078177961656
3066879214749826
3066124971695531
3066960671658058
3066317247648692
3066238461579290
3066287726131996
3066345223554379
3066138286852871
3066648377922468
3066501350102174
3066046185626129
3066010036210763
3066640245062790
3066031424867781
3066063417203308
3066932695742370
3066682981736826
3066612269157103
3066131558954201
3066437324781121
3066042028556290
3066509423591852
3066516110850522
3066992763993585
3066452085539469
3066988647563746
3066217072922272
3066864553991478
3066178352688076
3066253122327638
3066234304509451
3066052772884799
3066221089342111
3066099566618674
3066302486890344
3066291842561835
3066580236171576
3066996721053424
3066687038796665
3066847281774299
3066255793156469
3066210445023602
3066387960228415
3066719031132192
3066982060305076
3066740419789210
3066405232445594
3066907290665513
3066024796969112
3066586864070246
3066473374196486
3066146319702549
3066383843798576
3066484018514995
3066857926092808
3066166199555220
3066283600778818
3066845742489952
3066997888167907
3066670748913970
3066642727288282
3066008517246416
3066382319744229
3066226267806434
3066318204583175
3066222161536595
3066083361495979
3066098037484327
3066044651411782
3066486615970487
3066835013391443
3066286276697648
3066087308395818
3066333039941523
3066168775464050
3066525226054684
3066446434905282
3066230214706273
3066553207040372
3066080785587148
3066856412208461
3066443858996452
3066254289432122
3066952514625041
3066582759037068
3066973913432059
3066005941337586
3066140794478362
3066891016012818
3066820378043095
3066339662760193
3066379743835398
3066984542520568
3066717512167845
3066724134986514
3066200803369577
3066660179195461
3066931156458023
3066425176738264
3066072632407470
3066386466654068
3066461210893630
3066176828633728
3066995271619077
3066429183008104
3066307675504666
3066510590706336
3066499820977827
3066788250147568
3066204809629416
3066895022282657
3066055380500291
3066198286800746
3066418453919595
3066596064034407
3066927150188184
3066190133631068
3066948408355202
3066347715939871
3066115389391505
3066232890615104
3066529372964523
3066681478002479
3066354338758541
3066326357762853
3066692107080988
3066065909588800
3066909898281005
3066001994427746
3066905751371166
3066766951330550
3066781627328898
3066728241256353
3066435705816773
3066518603236014
3066969866532220
3066770998230389
3066016670426095
3066852365308621
3066208815899255
3066130065389854
3066179404542559
3066236837524943
3066029975423434
3066540002043032
3066393048832738
3066937879276693
3066901745101327
3066531948873354
3066923003278345
3066955131173872
3066824384312934
3066574605857389
3066503967887666
3066023252604764
3066328933671684
3066933732366854
3066401102002416
3066407724821086
3066884493204148
3066343709660032
3066880346294309
3066108766572836
3066756222242041
3066070056498639
3066144800738202
3066126018470014
3066944402095363
3066112713472675
3066991265349238
3066194180540907
3066183451452398
3066471839982139
3066888499463987
3066578612127229
3066738970344862
3066147376657032
3066102043754166
3066279653878979
3066610740022755
3066873764115639
3066632198199773
3066296905776157
3066798979236077
3066916480469675
3066478562800809
3066365067847050
3066037928593112
3066275547609139
3066375796925559
3066749540063371
3066593488125577
3066685584262318
3066589341215737
3066450581815121
3066465217163469
3066411831090925
3066119395651345
3066467833712300
3066653497016791
3066454588074961
3066965860262381
3066535955143193
3066158046375541
3066813655224425
3066863094387130
3066920427369514
3066713565268005
3066489191889318
3066076679317309
3066621469111264
3066585334945898
3066215538717925
3066606693112916
3066638721018443
3066507974157505
3066258295691961
3066187557722237
3066706883089336
3066012523516255
3066617362841425
3066350391848702
3066091314665657
3066568083048720
3066027399504603
3066563976778880
3066792356417407
3066439852726612
3066019246334925
3066093990574488
3066809608314586
3066628091939934
3066061903318961
3066674855183809
3066877770385478
3066867041296970
3066155429826711
3066572089308559
3066262301961800
3066422500829434
3066831007121604
3066051274230452
3066963284353550
3066294329867327
3066557353950211
3066315728674344
3066980536250729
3066482569070648
3066600010934246
3066162152645380
3066048667631621
3066987137279398
3066959160093711
3066059328470130
3066433204307943
3066542681561863
3066369101846889
3066272957510309
3066134191769693
3066414436009755
3066361053747211
3066803096725916
3066151408106871
3066337000611362
3066403715811247
3066649446086952
3066219575257764
3066841634730113
3066497247398996
3066546605611702
3066869611915800
3066397179022577
3066172889143889
3066760275291880
3066305058745836
3066268933460470
3066899141042496
3066290214507487
3066322315723014
3066457198073791
3066941803116532
3066136763868523
3066390482873907
3066696132190827
3066300934695996
3066033923393273
3066040519531943
3066251676483291
3066976476440889
3066247552433452
3066475966361978
3066123430921184
3066702828349496
3066777591649059
3066493223349157
3066311695534505
3066745590413532
3066358441008380
3066561390490050
3066550629651541
3066104662632997
3066521200534845
3066211427158086
3066371773945720
3066514604386175
3066734870215023
3066912473989836
3066243528383613
3066240956284782
3066264809420630
3066664130965300
3066628592991383
3066147977718481
3066453658785401
3066058457470571
3066525727116133
3066532449934803
3066009018317865
3066468334773749
3066004971408026
3066233391686553
3066880847355758
3066194681602356
3066269425841919
3066250643583731
3066069027209080
3066237338586392
3066115890452955
3066318805654624
3066308176566115
3066596565095856
3066013024577704
3066703337230946
3066863595458579
3066272001760749
3066226768867883
3066404278982696
3066735365136472
3066998389229356
3066756723303490
3066421530889874
3066923504349794
3066041005563392
3066603187914526
3066489792950767
3066162653706829
3066400272712856
3066500322039276
3066874265177088
3066718013239294
3066810109376035
3066714066329454
3066575106928838
3066589842277187
3066536456204642
3066244020765062
3066592458826017
3066778022120508
3066579113188678
3066090485376098
3066660680256910
3066282771489258
3066938380338142
3066987619490847
3066045152473231
3066838190371722
3066613816993035
3066201304421026
3066746094224981
3066709960059615
3066340163821642
3066731318226633
3066763346122160
3066632699261222
3066382820805678
3066312182835954
3066831508193053
3066137248629972
3066742087955142
3066474916952419
3066216039779374
3066692608152437
3066151924618320
3066688601882597
3066916981521124
3066564477830330
3066143871448642
3066218615688205
3066934233428303
3066752617043651
3066186528422678
3066799480297526
3066002495499196
3066991766400687
3066280154930428
3066696614412276
3066386927075517
3066547125933151
3066955632235321
3066175899344169
3066087809467267
3066418954971044
3066681979063928
3066440353788062
3066105161364446
3066607194184365
3066724636047963
3066286777759097
3066173382795338
3066111843543115
3066083862557428
3066183952513847
3066557855011660
3066667203075580
3066493739850606
3066397696804026
3066258796763410
3066539072753472
3066485686680928
3066927651249633
3066276048660588
3066461711965079
3066528303034964
3066774075210669
3066344210731481
3066966361323830
3066621970172713
3066671249975419
3066994342319517
3066521720856294
3066297406837606
3066884994265597
3066429684069553
3066393549894187
3066023753666213
3066414948701205
3066446935966731
3066581789107508
3066066410640249
3066261372672240
3066515198037624
3066820879104544
3066425677799713
3066158547436990
3066165229615660
3066376297997008
3066101114454606
3066372291727169
3066600512005695
3066248067674901
3066827461283214
3066902246162776
3066617863902874
3066436206888222
3066870118267249
3066483070132097
3066686085333767
3066675356245258
3066229385416714
3066645844898562
3066336157551803
3066496315779437
3066639222079892
3066859589188740
3066037099303553
3066368144817330
3066365568908499
3066389543624348
3066788751209017
3066290824668937
3066408225882535
3066970367593669
3066122413271624
3066795474027687
3066767452391999
3066133142350133
3066507044857946
3066350892910151
3066442929696892
3066346886640312
3066207986609696
3066222662598044
3066169276525499
3066611241084204
3066959638505160
3066410801801365
3066211933509535
3066457665055240
3066293300577767
3066649951168401
3066571184688999
3066354861989990
3066677939214089
3066205364400865
3066981063212178
3066568591110169
3066378844255839
3066077165798758
3066707327820785
3066098512545776
3066130593611303
3066265392302080
3066015684766535
3066944953146812
3066464228973910
3066504416439115
3066109260674285
3066842178411562
3066848825280231
3066325440483294
3066784770759178
3066055899961740
3066549722741981
3066197227781187
3066511088537785
3066585807547347
3066301448067445
3066119944202794
3066553701111821
3066432216318383
3066635120200053
3066624515081544
3066912915161285
3066329487303133
3066019780956374
3066179934094008
3066322817664463
3066543183453312
3066720659448124
3066051716351901
3066314750514785
3066073151878919
3066472363253588
3066239915125223
3066357430328821
3066653901238240
3066806089766196
3066479026432258
3066451003656570
3066816713894705
3066190647972517
3066034455554722
3066126529011463
3066030412584883
3066891589844267
3066906266942615
3066852845430071
3066560483490490
3066643246799731
3066094496155937
3066895505004106
3066767341678660
3066930129095125
3066780618896000
3066290770795598
3066688532869259
3066652473293893
3066282612625920
3066673841620911
3066705826556437
3066575006195500
3066325302509955
3066254658090232
3066079741714250
3066684504969420
3066151820164982
3066631050606875
3066859456905402
3066506924014607
3066876778452580
3066695186037929
3066863418855241
3066898102429598
3066047668218723
3066549687228643
3066667177182241
3066229264523375
3066026321431705
3066126411358125
3066344175918143
3066162573333491
3066218599884866
3066404135409357
3066716585994946
3066908874648107
3066336031518464
3066966218930491
3066389408731009
3066008960634527
3066101013771268
3066318797341286
3066543003779973
3066769902467491
3066844772107054
3066560339137152
3066378736672500
3066812688571527
3066425531556375
3066322710081125
3066173269562000
3066801946743018
3066713968296116
3066045075879893
3066308049332777
3066731250553295
3066737937941964
3066119898699455
3066884877062259
3066165167022321
3066111711279777
3066154401193812
3066400165759518
3066297363174268
3066620489728366
3066147825245143
3066019678553036
3066207811536357
3066692576069098
3066887422841089
3066141253286473
3066791319114509
3066002322885857
3066727277283455
3066874105183750
3066453558322062
3066243979871723
3066062341897071
3066855426615562
3066271907687411
3066962206370652
3066663176012402
3066994298836179
3066991667217348
3066414883687866
3066034320301384
3066596440582518
3066748596250473
3066759230508982
3066976974749000
3066972892489161
3066834076108545
3066848787496893
3066585739354009
3066036954550214
3066838025468384
3066919413996616
3066980973478839
3066304086132937
3066831444359714
3066703217767607
3066333427889634
3066756614030152
3066641738125384
3066571072205661
3066090379782759
3066468253240410
3066951536812143
3066823341850036
3066137102606634
3066058321617232
3066261270938902
3066955514071982
3066346762136973
3066677815220750
3066940855823634
3066699291177768
3066866005104071
3066983569667670
3066280007727089
3066432171025045
3066660534273571
3066656529153732
3066517620383116
3066532329231464
3066269301378580
3066720539274786
3066414265909739
3066036353322088
3066741343123677
3066798708956061
3066591812724552
3066367495025865
3066954969713856
3066499731737811
3066463657092445
3066093897524472
3066484936859463
3066517088674990
3066386257054052
3066136573528507
3066065850788784
3066585130425882
3066890826732802
3066495620347972
3066228682325249
3066969665942204
3066446377335266
3066905629191150
3066442244395427
3066670615303954
3066318103833159
3066897575971472
3066972274831034
3066687981141132
3066506348246481
3066940258365507
3066553103870355
3066756027962025
3066745302683516
3066033710263257
3066140543088346
3066300884955980
3066709226658150
3066929531696999
3066841592440097
3066172611453873
3066435601416757
3066858803917275
3066360851977195
3066478388760793
3066040445701927
3066926945668168
3066865421655945
3066837435580257
3066311400144489
3066420997568409
3066247460863436
3066151224116855
3066012459636239
3066292710226302
3066239319073757
3066029798873418
3066215391217909
3066282069757793
3066527743163498
3066719932966659
3066375598795543
3066424902568248
3066747997602347
3066275484869123
3066051138000436
3066638521578427
3066147246937016
3066168528004034
3066200626699561
3066335496330338
3066820178513079
3066015040625070
3066574460907373
3066179216572543
3066912210189820
3066918895068490
3066129912809838
3066854755787436
3066125867179998
3066001719037730
3066581134236043
3066655805145606
3066371534315704
3066189993791052
3066623806450079
3066236764674927
3066428970988088
3066982938089543
3066399548201391
3066089793714632
3066250017802266
3066392992522722
3066613100101570
3066790773566382
3066121874790159
3066119216491329
3066143162177177
3066542422921847
3066044401291766
3066161991255364
3066724093756498
3066876141814454
3066549078600516
3066521035544829
3066886835502963
3066260611490775
3066104525422981
3066196589989722
3066100487403141
3066961682412525
3066976313950873
3066922949478329
3066713300067989
3066164508914195
3066965688712364
3066211381058070
3066047059590597
3066403586221231
3066324733001829
3066431563446918
3066959088633695
3066734733045007
3066322187442998
3066132515348668
3066830868481588
3066461090033614
3066884252054132
3066019036774909
3066769317849365
3066698616539641
3066217986176740
3066258008991945
3066602477373061
3066079030466124
3066538350742007
3066809406414570
3066303440664811
3066950984904016
3066264702640614
3066339445620177
3066055149510275
3066873564715623
3066307494984650
3066185924151213
3066388883632882
3066378196294373
3066666554514115
3066083127925963
3066773338049204
3066933624196838
3066076507647293
3066296782366141
3066474389940954
3066805463404731
3066068464637615
3066826746971748
3066226052016418
3066993612768052
3066111131771650
3066407681091070
3066559783599025
3066232672295088
3066204668449400
3066570425387534
3066944225345347
3066788101337552
3066880115264293
3066784079827713
3066645277247097
3066659940545445
3066314072253320
3066396944432561
3066848139318766
3066649289906936
3066894939392641
3066730656035168
3066087121875802
3066008325636400
3066057780049106
3066115107941489
3066908161079981
3066418382629579
3066271344649284
3066816129363240
3066780010447874
3066410209139900
3066801378774891
3066833401590418
3066702669969480
3066452986433936
3066382223054213
3066901543331311
3066207299018231
3066812033253400
3066286077507632
3066762795240695
3066222078856579
3066758690240856
3066987042109382
3066634557308588
3066948328225186
3066004316756561
3066822776231909
3066991088899222
3066869547105784
3066072453417454
3066061720518945
3066350130638686
3066456916793775
3066617240871409
3066025674963579
3066980382540713
3066157955995525
3066489057229302
3066752039562186
3066510344606320
3066175205362704
3066677224372623
3066794773696222
3066356816837356
3066243364883597
3066916261039659
3066153817975686
3066254058572106
3066627893939918
3066471707862123
3066563872428864
3066467610482284
3066328873771668
3066343564840016
3066290137027471
3066997631907891
3066346123148847
3066531731983338
3066332871151507
3066844104138927
3066421142028257
3066196868659570
3066784356077561
3066329045871516
3066292911716150
3066923115488177
3066314369883168
3066346397788695
3066215650917757
3066965972462212
3066895134482489
3066414559849587
3066720200286507
3066325039601677
3066057968618954
3066799091435909
3066275659808971
3066734976274855
3066271653539132
3066499933177659
3066147429496864
3066726823105177
3066801667344739
3066517285084837
3066335768690186
3066769680089212
3066382431944060
3066585447145730
3066574718067221
3066863106596962
3066279766078810
3066969978732051
3066130177589685
3066538683891855
3066758950990704
3066670861113802
3066002006637578
3066264930710462
3066023305444596
3066688113020980
3066190245830900
3066307787704498
3066869729405632
3066756334441873
3066694895209650
3066666814213962
3066767004170382
3066140806678194
3066250254722114
3066076791517141
3066980648450560
3066841748419944
3066122024410007
3066068638337462
3066510602906168
3066859000327123
3066044763611614
3066111438091498
3066357026747203
3066927219088016
3066549397610364
3066204926669248
3066254325471953
3066577355876052
3066104724202828
3066880491224141
3066467944442132
3066012622936087
3066976540670721
3066606783642748
3066997995037739
3066030033013266
3066164821664043
3066649534326784
3066844392538775
3066098198844159
3066403820391078
3066008627976248
3066741601423525
3066748202652195
3066959250793543
3066684119121141
3066955221623703
3066183506462230
3066831139361435
3066410417859748
3066485215279311
3066200978569409
3066019310274757
3066453227933784
3066066016588632
3066269087450301
3066258314081793
3066812391303248
3066228915315096
3066919143218337
3066079396345971
3066222217896427
3066442579915275
3066620045710087
3066951144403864
3066948514045034
3066972536860882
3066371805235552
3066873834285471
3066991368529069
3066553312770203
3066705530518159
3066378492574221
3066350411508534
3066716124166668
3066090082374480
3066933852066686
3066025910233427
3066929817816846
3066790991266230
3066805692494578
3066752240632034
3066919608969787
3066001000158019
3066357596308653
3066278729209251
3066688743132429
3066086507696090
3066723300116787
3066171967254162
3066549806421813
3066492339409429
3066257477292233
3066904903921438
3066218746988036
3066293405157599
3066261433052072
3066342886180304
3066332107731796
3066620535551537
3066037103883385
3066428326708376
3066759495072153
3066022411545037
3066780702619170
3066065120359072
3066513703966447
3066186615352510
3066524453334956
3066834141861715
3066599241904519
3066613965982867
3066560581100322
3066268030470742
3066603241944358
3066684689992590
3066962335593822
3066011798886528
3066862189957403
3066770148250662
3066734029245296
3066364293767322
3066755381182313
3066787436827840
3066406940591358
3066336222891635
3066855597578733
3066161216545653
3066766084910822
3066175901384001
3066712678648278
3066941054606804
3066588593806010
3066776705199331
3066026443174876
3066015702696367
3066304109006108
3066979630551001
3066111938132947
3066443012816724
3066706039329608
3066464329283742
3066748731783644
3066197379831019
3066107816623108
3066208049529528
3066517728016286
3066421625439706
3066282888729090
3066951637405313
3066798146256349
3066368269027161
3066990353839510
3066645966488394
3066695385571099
3066321482993287
3066453793195233
3066417629789867
3066047891921894
3066438948796885
3066090590655929
3066539132323304
3066844843710224
3066449689385394
3066182617122671
3066624656371376
3066272195610581
3066851588118894
3066926255288456
3066894223652930
3066507140127778
3066663217385572
3066883586954421
3066389671834179
3066432332548215
3066819443933367
3066791495807679
3066246710993724
3066193381911179
3066635270569885
3066236083225215
3066673941434081
3066378947745670
3066701970489769
3066005094577858
3066592538935849
3066101299694438
3066122578061456
3066528468024795
3066133270529965
3066866218577242
3066872855365912
3066808712264858
3066535188263465
3066609802193028
3066577864177501
3066936927466965
3066353559178813
3066744626233805
3066075885687581
3066097165484599
3066678057823920
3066830136351876
3066503009777938
3066475065402251
3066840809810385
3066150528817144
3066915513539947
3066930394618295
3066876993305751
3066410962947859
3066656685763564
3066806154132689
3066987707237341
3066977083188832
3066851417435555
3066866122383903
3066338733777127
3066923626276287
3066424241475198
3066485771757421
3066509600923269
3066752760400144
3066827537589707
3066595104691341
3066934314804796
3066816800961198
3066699384417600
3066680559139412
3066965766712196
3066570540167366
3066303541394643
3066310128773313
3066517157864821
3066011060365063
3066972349050866
3066047145200429
3066762802150527
3066581202105875
3066015178104902
3066096592033134
3066085856594625
3066374217304366
3066790816076214
3066784116167545
3066004455326393
3066701388308304
3066818826191902
3066115252821321
3066267499619277
3066940330045339
3066912399659652
3066278081957786
3066495735087804
3066587884454545
3066491783147964
3066367552785696
3066314175603152
3066021743973572
3066555897079018
3066602517342893
3066438373025420
3066794807276053
3066716051516652
3066822869251741
3066125931319830
3066979002239536
3066541090760670
3066410350249732
3066160662904188
3066089821114464
3066609294531563
3066914904648482
3066519790803652
3066993714897884
3066929648976830
3066466356551107
3066655930005437
3066730731235000
3066711913576813
3066530418612161
3066698779379473
3066577198386036
3066780147707705
3066474490840786
3066164638894027
3066324835041661
3066733391993831
3066688032580964
3066865567945777
3066196681879554
3066459646432438
3066218084496571
3066384938852875
3066951011033848
3066623997159911
3066861545165938
3066961778142357
3066335516030170
3066179342662375
3066271430089116
3066175319882536
3066036485721920
3066997789497723
3066239443893589
3066551771799179
3066121924929991
3066744046472339
3066399608501223
3066448933853929
3066506478926312
3066299407934804
3066662630754107
3066171299122697
3066801415594723
3066844292858759
3066773472499036
3066292868816134
3066598562423054
3066203306668223
3066677324402455
3066153908015518
3066613219401402
3066149971265679
3066378286464205
3066025757383411
3066214045916732
3066647805395759
3066260718050607
3066463716902277
3066453023213768
3066741490313509
3066848200438598
3066008445956232
3066416970048402
3066637244767250
3066549152340348
3066880285154125
3066143227027009
3066901668721143
3066566473767527
3066068543497446
3066186045991045
3066748094042179
3066634630838420
3066573187776197
3066545187730509
3066645363736928
3066019177654741
3066128542228661
3066955039643687
3066858902937107
3066720094006491
3066000366186554
3066388901702714
3066737352303670
3066989761158045
3066805540954562
3066427633296911
3066083211825795
3066132697818500
3066455685232598
3066983075039375
3066758739680688
3066346226948679
3066890980072634
3066854801627268
3066485063649295
3066876289004286
3066908270089813
3066043168770589
3066614338415885
3066868120591269
3066173888968188
3066778605433358
3066511582690635
3066518202979305
3066729258650653
3066454152268251
3066725237140814
3066953554889340
3066601097858546
3066180409246858
3066255261106421
3066970876306519
3066789247221867
3066223176380894
3066836035875742
3066039048537412
3066028306748903
3066582313050358
3066998880152206
3066689190275448
3066849335793081
3066992259883537
3066212534602385
3066390042187198
3066721115630974
3066718516862144
3066742558567992
3066141704242662
3066643765002581
3066475443375269
3066148433331331
3066120435835644
3066486183883778
3066860020671590
3066703877613796
3066795977570537
3066699753573957
3066560967503340
3066575632061689
3066522229489144
3066964292777849
3066312624488805
3066763856025010
3066564991543180
3066810642148885
3066646330791412
3066002923132046
3066924101662644
3066707828293635
3066030975077733
3066558305514510
3066731875129483
3066430129522403
3066060357424429
3066451510559421
3066483532104947
3066618394125724
3066368678840180
3066297959920456
3066817258617555
3066857428252760
3066462251077930
3066195119445206
3066201895273876
3066678472536939
3066137792812823
3066408848495385
3066902782735626
3066550226984832
3066864044721430
3066938887690992
3066654499081090
3066472891586438
3066906706785465
3066785237062028
3066988166233698
3066977550825189
3066265963484930
3066682491386778
3066372749550019
3066532957137653
3066675814158108
3066896119196956
3066073679951769
3066404748285546
3066667739478430
3066426139432564
3066825311617233
3066592978728867
3066710443242465
3066006986301885
3066159090079840
3066832025505903
3066804047050215
3066169709078349
3066543674876162
3066387466028367
3066479534395108
3066383450868528
3066244597687912
3066259259676260
3066205854673715
3066913406534135
3066996221733376
3066447492659581
3066248505307751
3066329903995983
3066686588806617
3066607781267215
3066657029319921
3066714501452305
3066507587570796
3066870668560099
3066415420504055
3066379376148689
3066009562210715
3066400736895707
3066432798911233
3066301924270296
3066052224234751
3066981540705028
3066500817962126
3066806693929046
3066411487534215
3066878744519778
3066885496378447
3066362011571510
3066821382497394
3066357942011671
3066586348320197
3066233815429403
3066547695156001
3066622452135563
3066603668607376
3066422071102724
3066590355940037
3066468812886599
3066796412841986
3066785788843477
3066749602768111
3066881864750057
3066213028043834
3066899226817236
3066401277417156
3066518786260754
3066967366068129
3066877836930218
3066721610342423
3066070114113379
3066760395196620
3066465363528209
3066091407800397
3066678960988388
3066817773649004
3066208927353995
3066241042559522
3066860572913039
3066614878077334
3066219680492504
3066952637479781
3066166246369959
3066042181807691
3066696256485566
3066411975455665
3066230360291013
3066664217230040
3066653517191531
3066582871681807
3066764314696459
3066589469140477
3066561412154790
3066753732437950
3066006066602325
3066443984341191
3066471931206879
3066775017324968
3066871209611548
3066892519738566
3066924664064093
3066059446324870
3066903233707075
3066636207074352
3066642883033022
3066578761521968
3066849853944531
3066379858980138
3066095540010236
3066913923585584
3066347822274611
3066706956444075
3066123567835924
3066813767529165
3066337177646102
3066867123151709
3066600121968986
3066273029545048
3066610862367495
3066984623195307
3066828471257513
3066920564984254
3066824464947674
3066700354865406
3066646819422861
3066888516848727
3066689680146897
3066935229502602
3066771038355129
3066048710496361
3066155575021450
3066743052249441
3066493304143897
3066941966211272
3066326445977593
3066112815617415
3066102197798906
3066138180180933
3066956535856281
3066437229469183
3066407832082487
3066768375062960
3066298386458567
3066700224422067
3066839113072683
3066860425739701
3066266383953040
3066604190265487
3066977957363299
3066821767485504
3066678837085049
3066148819389442
3066849794071192
3066319742205585
3066796320578647
3066020610537335
3066668213036540
3066038054824513
3066290330778889
3066490644701728
3066650806689361
3066191533233478
3066544068754272
3066710907990576
3066661578877870
3066597452286817
3066362407919620
3066031352325844
3066533306725763
3066127434622424
3066550787762942
3066479909303219
3066704235811906
3066779005451469
3066895396650567
3066055549748201
3066198470028656
3066596225692317
3066927304186094
3066924783997264
3066354643436451
3066326602910764
3066066215576710
3066910073798915
3066905947209076
3066767101648460
3066781882686808
3066728471294264
3066771132048299
3066016800374005
3066209187727165
3066914034548755
3066764599109630
3066636391537523
3066824558590844
3066504197835576
3066023495342674
3066063638397880
3066884642162058
3066343977607942
3066615061170505
3066756426969951
3066070218116549
3066145002956112
3066112939580585
3066194320058817
3066183717420308
3066472061710049
3066888623731898
3066578998425139
3066739185802773
3066102214882076
3066610935120665
3066632373107683
3066916612347585
3066213197277005
3066365211074960
3066038292111023
3066749875681282
3066685717470228
3066589508543648
3066465473141380
3066202459258496
3066653647784701
3066536175641103
3066813932712335
3066920704817424
3066223895885514
3066076863025219
3066621642829174
3066585576913808
3066215742745835
3066606946510826
3066187765520148
3066707047577246
3066617515959335
3066091632423567
3066568279246630
3066027588092514
3066792503295317
3066628262777844
3066675085551719
3066877910873389
3066867356464880
3066155719764621
3066262583019710
3066963477971460
3066557550118121
3066482757698558
3066600205832157
3066048855239532
3066059522268040
3066273175478219
3066134326077603
3066803264043826
3066337252699273
3066219729885674
3066546807109612
3066173076701799
3066760459009790
3066899352650407
3066322594440924
3066942094404442
3066696470398737
3066034146301183
3066775209608139
3066329108376256
3066187658966809
3066572218493130
3066604227388657
3066625695675675
3066792475431979
3066358545072952
3066679065318220
3066646983052693
3066529442539095
3066179655197131
3066614913417166
3066209019723827
3066632286824345
3066343896944604
3066785883093309
3066803141260488
3066055448844863
3066668323539711
3066476039996550
3066318427347747
3066354584283113
3066796560231818
3066642974162854
3066478638725381
3066390631158479
3066166398219791
3066753837457782
3066315808338916
3066814334960446
3066419136185615
3066152117222892
3066365766583071
3066611457738776
3066429842584124
3066632799485794
3066782309034919
3066760921697901
3066216195143946
3066162793871401
3066953253361062
3066451191331142
3066643420424303
3066974534358079
3066258905227981
3066457890029812
3066835769797463
3066778271015080
3066579369743249
3066547320737722
3066628714425955
3066323029629035
3066173420699910
3066536692879213
3066045287837803
3066472559978160
3066184124508419
3066027911920624
3066120001727365
3066899867558517
3066846353625972
3066088090331838
3066889115690008
3066248215659472
3066650032122972
3066942509382553
3066622089027285
3066141424544383
3066461835939651
3066109387798856
3066312302990526
3066301673902017
3066590033431758
3066006686023606
3066696862016847
3066857075944481
3066265540506651
3066397737928597
3066728801222374
3066750232939392
3066483205116669
3066493999995178
3066867750582990
3066803600071937
3066707539235356
3066568672214740
3066237510110963
3066771636746410
3066654183522812
3066931813964044
3066981279796749
3066739583560883
3066333637967544
3066376465861579
3066130719005874
3066468540558321
3066686102578338
3066806287297429
3066795568368920
3066058567051804
3066143936699875
3066346959511545
3066314827896018
3066880944366991
3066784880980411
3066062501261643
3066244156936295
3066923791181027
3066682035425161
3066767553163232
3066412936783302
3066996448161454
3066814800036802
3066256815235508
3066605286146463
3066103274676544
3066295434159704
3066000446811293
3066323405035392
3066850911342168
3066626678443481
3066722788560061
3066776174712606
3066910998803383
3066754732885588
3066487740462865
3066494313921535
3066705415152883
3066156697499088
3066231302538651
3066947063288749
3066765482294097
3066199331613124
3066558474752588
3066701718965013
3066793875901754
3066697616505174
3066558851854558
3066573565782906
3066520130340361
3066227768400781
3066576131701737
3066761722776227
3066562894954397
3066074189831817
3066644281062629
3066266489914978
3066922029073861
3066971362056567
3066028899958951
3066821826587442
3066597514008754
3066184903806745
3066729769630701
3066693673405335
3066323827807361
3066715055702353
3066747008847879
3066616230396942
3066366592411397
3066295817771674
3066815158208772
3066120997535692
3066725626530862
3066458649358138
3066199717735094
3066676334208156
3066135611464040
3066672291108317
3066900687416844
3066548181026049
3066127525264362
3066202343003924
3066917926624022
3066736338019370
3066170289878397
3066783105073245
3066986075984915
3066975464516406
3066263823996147
3066680336657995
3066370635511236
3066530841828870
3066939308921040
3066159519049888
3066071564552986
3066402688646763
3066665663369647
3066424070943781
3066088803760165
3066590845630085
3066708387333683
3066270492374817
3066156953121058
3066095472138835
3066067562093147
3066167664599567
3066541512657379
3066650949431299
3066477406386326
3066381306349745
3066242482339129
3066522796269192
3066469360826647
3066911358245352
3066259721546308
3066445312610799
3066512084790683
3066757720316388
3066327870907201
3066950079759549
3066605659558433
3066654951891138
3066978030435237
3066505416422013
3066281103843326
3066868693641317
3066413359475272
3066377263249906
3066007458281933
3066398645546924
3066430698682451
3066565420233228
3066050182255969
3066245007617960
3066498788683343
3066804587370263
3066409357015433
3066142239192710
3066148907571379
3066359924042727
3066084801300326
3066355821582888
3066584277251415
3066231770860620
3066811155748933
3066885973488495
3066601516468594
3066419927853942
3066853879712969
3066466794917817
3066669765829486
3066659094990977
3066212954472433
3066629567134281
3066319825357522
3066480031665156
3066622998765611
3066843108884460
3066020754399272
3066351878483049
3066349253204218
3066373260780067
3066772434244736
3066274435474656
3066391977178254
3066954022859388
3066106183607344
3066779161973406
3066751151937719
3066116854435853
3066490702493665
3066334539285870
3066426696222612
3066330496186031
3066191672175415
3066206386103763
3066152950661219
3066594948089924
3066943311380879
3066394543097085
3066195674635254
3066441310150960
3066277060743487
3066633669594120
3066554749394719
3066338541735710
3066661620279808
3066189046896585
3066964793687897
3066552224125888
3066362549311558
3066060893724477
3066691048126504
3066082276021495
3066114229167022
3066249050707799
3066999312732255
3066928697452531
3066447978529629
3066488177214835
3066092946850004
3066825869677281
3066832538055951
3066309113889013
3066768491144897
3066039511427460
3066533467097701
3066180901346906
3066494745583504
3066569563323067
3066285106303165
3066103517698513
3066537410197540
3066415925394103
3066618855665772
3066608284837263
3066896544317004
3066313156978853
3066003415192094
3066163621509728
3066306588600183
3066526798729031
3066704384873844
3066035468327620
3066298443040504
3066056850624638
3066456024089308
3066223625310942
3066341107654540
3066637612693960
3066789773441915
3066462792457978
3066434741772290
3066800444270424
3066174332978236
3066018129120442
3066110286067183
3066014057680603
3066875218439987
3066889937448335
3066836527405790
3066544129906210
3066626977965451
3066078114741656
3066879271699826
3066124971655531
3066960647648058
3066317261578692
3066238426139290
3066287723551996
3066345286854379
3066138277922871
3066648350102468
3066501385622174
3066046136216129
3066010045060763
3066640224862790
3066031417207781
3066063495743308
3066932681732370
3066682969156826
3066612258957103
3066131524784201
3066437328551121
3066042023596290
3066509410851852
3066516163990522
3066992785533585
3066452047569469
3066988672923746
3066217053992272
3066864552681478
3066178322328076
3066253104507638
3066234372889451
3066052789344799
3066221066612111
3066099586898674
3066302442560344
3066291836171835
3066580221051576
3066996738793424
3066687081776665
3066847293154299
3066255745026469
3066210460223602
3066387931138415
3066719060302192
3066982019785076
3066740432449210
3066405290665594
3066907296965513
3066024764079112
3066586874190246
3066473319706486
3066146343792549
3066383818518576
3066484026094995
3066857999552808
3066166100775220
3066283642488818
3066845788169952
3066997848917907
3066670727283970
3066642717248282
3066008519746416
3066382367804229
3066226204586434
3066318261533175
3066222161496595
3066083337485979
3066098051414327
3066044615971782
3066486613390487
3066835076691443
3066286208397648
3066087339945818
3066333075461523
3066168726054050
3066525234904684
3066446414705282
3066230207046273
3066553285580372
3066080712207148
3066856458998461
3066443889436452
3066254214622122
3066952559035041
3066582713437068
3066973941332059
3066005994477586
3066140716018362
3066891078042818
3066820362763095
3066339643830193
3066379742525398
3066984512160568
3066717534987845
3066724103366514
3066200879199577
3066660156455461
3066931176738023
3066425132408264
3066072666657470
3066386410894068
3066461228633630
3066176871613728
3066995283009077
3066429175508104
3066307690704666
3066510520976336
3066499850147827
3066788209627568
3066204822289416
3066895080502657
3066055386800291
3066198253910746
3066418464039595
3066596050184407
3066927133638184
3066190108351068
3066948415935202
3066347789399871
3066115390611505
3066232872965104
3066529378004523
3066681438752479
3066354357768541
3066326307082853
3066692109580988
3066065998288800
3066909894421005
3066001951377746
3066905751331166
3066766927320550
3066781641258898
3066728205816353
3066435703236773
3066518666536014
3066969898232220
3066770970420389
3066016665306095
3066852315898621
3066208865389255
3066130004549854
3066179437522559
3066236875424943
3066029902043434
3066540048833032
3066393079272738
3066937845106693
3066901748871327
3066531903273354
3066923031178345
3066955184313872
3066824305852934
3066574667887389
3066503952607666
3066023233674764
3066328932361684
3066933702006854
3066401124822416
3066407793201086
3066884409664148
3066343746290032
3066880366574309
3066108722242836
3066756256492041
3066070000738639
3066144818478202
3066126002090014
3066944413475363
3066112765342675
3066991280549238
3066194151450907
3066183439982398
3066471899462139
3066888412123987
3066578670347229
3066738976654862
3066147343757032
3066102053874166
3066279640028979
3066610764112755
3066873798195639
3066632105779773
3066296979236157
3066798980466077
3066916462809675
3066478567840809
3066365028597050
3066037947603112
3066275596929139
3066375740065559
3066749588123371
3066593484265577
3066685541212318
3066589381815737
3066450517165121
3066465231093469
3066411895650925
3066119333711345
3066467897012300
3066653488076791
3066454560264961
3066965855142381
3066535946373193
3066158055225541
3066813694384425
3066863027367130
3066920465269514
3066713591888005
3066489179319318
3066076669117309
3066621434941264
3066585338715898
3066215593117925
3066606621012916
3066638774158443
3066507995697505
3066258257721961
3066187583082237
3066706823519336
3066012562846255
3066617391841425
3066350314668702
3066091383045657
3066568099508720
3066027376774603
3066563956418880
3066792352727407
3066439846336612
3066019290574925
3066093908314488
3066809691934586
3066628003319934
3066061955188961
3066674870383809
3066877741295478
3066867029826970
3066155489306711
3066572001968559
3066262300821800
3066422507129434
3066831074231604
3066051284350452
3066963229863550
3066294353957327
3066557328670211
3066315736254344
3066980569070729
3066482510930648
3066600052644246
3066162167635380
3066048637271621
3066987160099398
3066959128473711
3066059304300130
3066433281567943
3066542601841863
3066369157516889
3066272991760309
3066134136009693
3066414453749755
3066361096727211
3066803008105916
3066151400616871
3066337015811362
3066403746081247
3066649475256952
3066219534737764
3066841647390113
3066497205618996
3066546611911702
3066869679025800
3066397189142577
3066172875293889
3066760258741880
3066305033465836
3066268941040470
3066899114502496
3066290215727487
3066322398073014
3066457103113791
3066941863866532
3066136782878523
3066390432193907
3066696134690827
3066300923395996
3066033919533273
3066040576481943
3066251676443291
3066976452430889
3066247566363452
3066475930921978
3066123428341184
3066702891649496
3066777523349059
3066493295539157
3066311690414505
3066745541003532
3066358490498380
3066561329650050
3066550662631541
3066104600532997
3066521227154845
3066211473948086
3066371704385720
3066514670216175
3066734873985023
3066912428389836
3066243556283613
3066240909424782
3066264830960630
3066664192995300
3066628577711383
3066147958788481
3066453657475401
3066058427110571
3066525749936133
3066532418314803
3066009034777865
3066468371403749
3066004991688026
3066233347356553
3066880881605758
3066194625842356
3066269443581919
3066250627203731
3066069038589080
3066237390456392
3066115805652955
3066318876564624
3066308165096115
3066596524575856
3066013037237704
3066703395450946
3066863501768579
3066272068860749
3066226778987883
3066404265132696
3066735389226472
3066998323309356
3066756730883490
3066421504349874
3066923505569794
3066041087913392
3066603192954526
3066489753700767
3066162672716829
3066400222032856
3066500365179276
3066874213237088
3066718009379294
3066810166326035
3066714006929454
3066575142278838
3066589856207187
3066536420764642
3066244058825062
3066592422126017
3066778013180508
3066579185378678
3066090480256098
3066660671486910
3066282780339258
3066938319498142
3066987652470847
3066045190373231
3066838116991722
3066613804423035
3066201394221026
3066746060054981
3066709963829615
3066340118221642
3066731346126633
3066763399262160
3066632620801222
3066382882835678
3066312108195954
3066831548623053
3066137287959972
3066742016955142
3066474939772419
3066216008159374
3066692624612437
3066151901888320
3066688681522597
3066916977831124
3066564471440330
3066143815688642
3066218633428205
3066934217048303
3066752628423651
3066186580292678
3066799495497526
3066002466409196
3066991754930687
3066280114410428
3066696627072276
3066386925935517
3066547132233151
3066955699345321
3066175809464169
3066087854977267
3066418979061044
3066681953783928
3066440361368062
3066105194184446
3066607136044365
3066724677757963
3066286782799097
3066173343545338
3066111862553115
3066083852517428
3066183955013847
3066557803071660
3066667239855580
3066493796800606
3066397696764026
3066258772753410
3066539086683472
3066485651240928
3066927648669633
3066276011960588
3066461703035079
3066528375214964
3066774010730669
3066344261321481
3066966370173830
3066621949972713
3066671242315419
3066994320859517
3066521706836294
3066297494267606
3066884984065597
3066429649899553
3066393553664187
3066023748706213
3066414935961205
3066446989106731
3066581710647508
3066066472670249
3066261398032240
3066515179107624
3066820877794544
3066425647439713
3066158529616990
3066165297995660
3066376214457008
3066101191724606
3066372212007169
3066600567675695
3066248061284901
3066827446163214
3066902263902776
3066617806882874
3066436218268222
3066870170137249
3066483085332097
3066686056243767
3066675385415258
3066229344896714
3066645857558562
3066336115771803
3066496322079437
3066639289189892
3066859599308740
3066037044813553
3066368168907330
3066365543628499
3066389551204348
3066788724669017
3066290825888937
3066408267592535
3066970313273669
3066122474021624
3066795452397687
3066767442351999
3066133144850133
3066507092917946
3066350829690151
3066442986646892
3066346886600312
3066207962599696
3066222676528044
3066169241085499
3066611238504204
3066959601805160
3066410833501365
3066211965059535
3066457600575240
3066293351167767
3066649984688401
3066571161988999
3066354839219990
3066677964404089
3066205363210865
3066981091112178
3066568544250169
3066378865795839
3066077127828758
3066707312540785
3066098593615776
3066130592301303
3066265384762080
3066015653146535
3066944928976812
3066464216433910
3066504460679115
3066109278414285
3066842125281562
3066848840480231
3066325470753294
3066784799969178
3066055822741740
3066549727781981
3066197288531187
3066511007547785
3066585848067347
3066301444207445
3066119901112794
3066553716311821
3066432220208383
3066635115080053
3066624515161544
3066912987301285
3066329480953133
3066019734096374
3066179917664008
3066322883454463
3066543159443312
3066720616358124
3066051750511901
3066314751874785
3066073163258919
3066472315123588
3066239930325223
3066357401238821
3066653989768240
3066806026436196
3066479003652258
3066451013896570
3066816747974705
3066190655552517
3066034429014722
3066126512581463
3066030489844883
3066891566944267
3066906245432615
3066852883490071
3066560446790490
3066643296159731
3066094405005937
3066895541674106
3066767329098660
3066930118895125
3066780670796000
3066290732865598
3066688573299259
3066652412623893
3066282641625920
3066673826550911
3066705806196437
3066575002505500
3066325358099955
3066254641710232
3066079704964250
3066684520169420
3066151850604982
3066631056906875
3066859424015402
3066506978454607
3066876786032580
3066695118857929
3066863402425241
3066898168219598
3066047687228723
3066549677188643
3066667164522241
3066229221433375
3066026311351705
3066126475918125
3066344173338143
3066162599883491
3066218535404866
3066404185999357
3066716574644946
3066908831518107
3066336018938464
3066966208730491
3066389460631009
3066008913774527
3066101097341268
3066318703771286
3066543002469973
3066769972107491
3066844739137054
3066560336677152
3066378788572500
3066812631551527
3066425510086375
3066322769561125
3066173246742000
3066801968293018
3066713975876116
3066045049339893
3066308050552777
3066731237943295
3066737998691964
3066119877069455
3066884867022259
3066165111272321
3066111701199777
3066154465753812
3066400163179518
3066297389724268
3066620425248366
3066147878555143
3066019611533036
3066207876066357
3066692522849098
3066887453281089
3066141219116473
3066791322884509
3066002377285857
3066727205183455
3066874158323750
3066453579872062
3066243941891723
3066062326617071
3066855407685562
3066271906377411
3066962276010652
3066663198832402
3066994267216179
3066991683687348
3066414820307866
3066034340581384
3066596496252518
3066748530500473
3066759274748982
3066976992489000
3066972876109161
3066834087498545
3066848739356893
3066585754554009
3066036925460214
3066838013998384
3066919473476616
3066980986138839
3066304044352937
3066831417769714
3066703227887607
3066333414039634
3066756638120152
3066641772205384
3066571079785661
3066090353242759
3066468236810410
3066951541852143
3066823302600036
3066137121616634
3066058370937232
3066261214078902
3066955562131982
3066346715226973
3066677855820750
3066940891173634
3066699205107768
3066866069664071
3066983507727670
3066280071027089
3066432134275045
3066660529153571
3066656520383732
3066517629233116
3066532301371464
3066269339278580
3066720565904786
3066414253329739
3066036343122088
3066741308953677
3066798712726061
3066591895024552
3066367469715865
3066954931733856
3066499757097811
3066463697522445
3066093836854472
3066484988679463
3066517057054990
3066386273524052
3066136550788507
3066065830428784
3066585126735882
3066890820342802
3066495682327972
3066228665945249